1 
38 
3 
5 
197 
2 
1 
1 
1 
1 
2 
2 
26 
1 
2 
14 
1 
1 
2 
1 
2 
2 
3 
19 
1 
6 
5 
2 
1 
1 
1 
10 
11 
1 
1 
9 
148 
3 
4 
59 
1 
1 
3 
2 
2 
1 
42 
2 
1 
1 
1040 
1 
1 
1 
5 
1152 
2 
26 
1 
7 
1 
1 
2 
2 
2 
7 
221 
4 
1 
1 
1 
2 
1 
1 
14 
28 
1 
2 
9 
1 
8 
5 
1 
3 
1 
13 
1 
5 
210 
3 
1396 
1 
2 
1 
4 
1 
1 
1 
1 
1 
1 
1 
2 
1 
2 
1 
1 
531 
1 
49 
3 
1 
3 
4 
4 
1 
6 
1 
1 
19 
4 
1 
1 
1 
6 
1 
1 
1 
1 
2 
2 
2 
2 
1 
2 
2 
590 
1 
2 
1 
3 
3 
3 
1 
2 
1 
1 
39 
2 
3 
22 
8 
5 
646 
2 
12 
6 
2 
3 
1 
1 
1 
3 
1 
9 
1 
6 
1 
1 
1 
30 
2 
5 
10 
1 
59 
2 
1 
2 
3 
1 
2 
1 
43 
2 
1 
1 
1 
2 
7 
1 
1 
1 
2 
3 
11 
2 
184 
1 
4 
3 
1 
2 
2 
2 
3 
1 
1 
1 
1 
1 
1 
1 
14 
1 
1 
1 
1 
1 
2 
2 
4 
16 
51 
1 
3 
1 
1 
277 
2 
125 
3 
1 
1 
2 
3 
1 
1 
1 
1 
1 
1 
1 
1 
49 
1 
105 
2 
20 
2 
1 
1 
1 
7 
2 
2 
1 
1 
1 
1 
1 
10 
8 
1 
22 
13 
1 
1 
1 
3 
2 
1 
3 
1 
5 
2 
1 
2 
3 
1 
7 
1 
4 
2 
1 
2 
1 
37 
1 
1 
9 
4 
3 
4 
1 
1 
2 
1 
12 
8 
13 
2 
1 
1 
3 
39 
6 
2 
1094 
2 
12 
5 
2 
3 
14 
1 
1 
9 
2 
6 
1 
3 
1 
1 
1 
10 
1 
3 
2 
24 
5 
1 
6 
1 
1 
2 
1 
1 
1 
2 
1 
1 
1 
10 
2 
1 
7 
1 
3 
7 
2 
8 
1 
1 
2 
2 
1 
1 
1 
3 
12 
1 
1 
1 
1 
2 
4885 
1 
1 
1 
7 
3 
2 
3 
7 
1 
1 
1 
1 
2 
4 
11 
1 
2 
1 
1 
11 
1 
14 
1 
2 
1 
1 
1 
2 
2 
1 
1 
3 
1 
2 
6 
5 
1 
1 
1 
1 
1 
2 
1 
1 
1 
2 
1 
2 
3 
1 
6 
4 
19 
2 
1 
4 
2 
1 
2 
2 
1 
11 
1 
1 
30 
4 
2 
1 
1 
3 
12 
1 
3 
1 
1 
1 
1 
1 
3 
1 
3 
2 
1 
1 
5 
2 
2 
3 
1 
1 
5 
2 
4 
1 
31 
1 
7 
9 
2 
18 
71 
2 
1 
1 
1 
1 
1 
166 
53 
1 
2 
1 
1 
3 
1 
14 
1 
7 
1 
1 
2 
6 
1 
6089 
1 
1 
1 
3 
1 
21 
3 
12 
2 
2 
1 
4 
1 
2 
135 
1 
6 
1 
10 
4 
1 
2 
2 
1 
2 
6 
3 
15 
2 
1 
2 
1 
60 
1 
1 
1 
11 
1 
1 
1 
1 
1 
1 
38 
3 
1 
4 
6 
6 
2 
1 
1 
1 
4 
7 
1 
1 
1 
4 
1 
795 
3 
1 
1 
10 
1 
3 
1 
1 
2 
3 
1 
3 
1 
2 
1 
7 
1 
18 
1 
1 
18 
1 
1 
6 
259 
10 
4 
1 
207 
33 
4 
2 
17 
1 
12 
1 
1 
1 
20 
1 
5 
1 
5 
1 
6 
13 
1 
47 
1 
1 
2 
1 
9 
2 
12 
2 
1 
3 
462 
1 
8 
9 
1 
1 
1 
139 
1 
1 
8 
1 
1 
1 
4 
42 
2 
4 
3 
13 
64 
1 
21 
1 
2 
1 
2 
1 
1 
1 
25 
1 
1 
54 
4 
1 
1 
1 
5 
1 
3 
3 
1 
1 
1 
15 
2 
3 
8 
3 
2 
1 
1 
48 
3 
5 
1 
1 
350 
1 
2 
3 
1 
2 
1 
6 
4 
11 
1 
1 
3 
5 
14 
20 
1 
31 
2 
1 
4 
2 
4 
8 
1 
1 
1 
35 
52 
1 
23 
1 
1 
1 
9 
1 
3 
1 
2 
1 
34 
42 
2 
3 
2 
1 
1 
1 
2 
2 
20 
1 
1 
1 
1 
2 
2 
18 
1 
2 
1 
1 
1 
1 
1 
1 
1 
20 
1 
1 
1 
24 
2 
2 
1 
2 
7 
18 
1 
250 
2 
2 
1 
1 
1 
5 
1 
2 
1 
3 
2 
1 
1 
1 
241 
1454 
1 
1 
19 
4 
1 
23 
3 
1 
2 
1 
1 
1 
32 
4 
1 
1 
10 
5 
4 
1 
1 
1 
2 
4 
1 
2 
1 
6 
1 
26 
2 
1 
1 
1 
1 
35 
1 
3 
9 
1 
1 
2 
3 
1 
5 
1 
2 
1 
1 
1 
1 
3 
1 
2 
1 
1 
1 
1 
5 
3 
8 
2 
14 
1 
12 
1 
1 
1 
1 
15 
1 
2 
1 
1 
1 
2 
3 
1 
1 
1 
1 
1 
4 
1 
10 
1 
1 
11 
5 
7 
11 
1 
56 
2 
2 
400 
1 
242 
1 
1 
1 
1 
1 
1 
1 
15 
1 
35 
13 
14 
1 
1 
1 
2 
268 
1 
1 
1 
13 
1 
1 
10 
35 
1 
1 
2 
6 
1 
1 
1 
1 
1 
1 
93 
1 
4 
3 
1 
6 
1 
4 
1 
2 
1 
1 
1 
1 
2 
1 
2 
1 
24 
4 
1 
4 
1 
1 
4 
1 
3 
3 
148 
1 
9 
7 
3 
1 
2 
1 
2 
1 
53 
43 
1 
2 
1 
1 
246 
38 
3 
1 
6 
1 
4 
1 
3 
1 
14 
8 
1 
1 
2 
1 
12 
1 
24 
27 
1 
57 
1 
1 
4 
1 
2 
3 
8 
1 
3 
1 
2 
4 
1 
1 
6 
20 
1 
1 
1 
24 
3 
1 
1 
2 
1 
2 
2 
1 
1 
12 
316 
5 
1 
2 
15 
13 
1 
1 
16 
5 
1 
2 
13 
14 
1 
1 
3 
1 
1 
